0.223292
2011_000953 0.399574 4 0.000000 0.834926 0.763372 0.000000
2007_007165 0.000000 2 0.000000 0.000000
2007_001587 0.000000 2 0.000000 0.000000
2008_006219 0.186435 2 0.372869 0.000000
2008_004396 0.325847 2 0.651695 0.000000
2008_003141 0.408580 4 0.898139 0.736180 0.000000 0.000000
2007_009084 0.133163 5 0.000000 0.000000 0.635136 0.030679 0.000000
2007_006449 0.170090 2 0.340181 0.000000
2011_002124 0.225013 4 0.290201 0.000000 0.609853 0.000000
2010_003468 0.094081 3 0.255450 0.026793 0.000000
2007_005547 0.212928 4 0.572763 0.000000 0.278947 0.000000
2010_005245 0.042778 3 0.000000 0.128335 0.000000
2009_003904 0.451908 2 0.903816 0.000000
2007_002119 0.224428 3 0.673285 0.000000 0.000000
2007_001884 0.062087 3 0.186260 0.000000 0.000000
2007_005857 0.000000 2 0.000000 0.000000
2008_002942 0.303487 2 0.606973 0.000000
2008_003709 0.461249 2 0.922497 0.000000
2010_001752 0.208089 2 0.416179 0.000000
2010_005705 0.152991 2 0.305982 0.000000
2007_001677 0.140978 3 0.422529 0.000406 0.000000
2010_004120 0.399732 2 0.799463 0.000000
2008_001821 0.431987 2 0.863973 0.000000
2011_001292 0.471165 2 0.942330 0.000000
2011_003030 0.474531 2 0.949062 0.000000
2009_003849 0.210819 4 0.000000 0.002582 0.840693 0.000000
2008_003034 0.388065 3 0.580830 0.583364 0.000000
2009_004994 0.419932 3 0.889491 0.370304 0.000000
2010_005180 0.000000 3 0.000000 0.000000 0.000000
2008_006341 0.242378 3 0.529653 0.197482 0.000000
2007_000529 0.000000 3 0.000000 0.000000 0.000000
2008_000107 0.036249 2 0.072498 0.000000
2011_002951 0.000000 2 0.000000 0.000000
2009_003928 0.110228 2 0.220456 0.000000
2009_000931 0.004830 2 0.009661 0.000000
2007_009911 0.433837 2 0.867673 0.000000
2008_002835 0.219590 3 0.205499 0.453271 0.000000
2009_000839 0.469808 2 0.939616 0.000000
2007_005844 0.049713 3 0.149140 0.000000 0.000000
2009_002562 0.388991 2 0.777981 0.000000
2007_006076 0.120144 3 0.000000 0.360432 0.000000
2009_001816 0.441694 2 0.883387 0.000000
2009_001108 0.399710 2 0.799421 0.000000
2010_005719 0.059993 2 0.119986 0.000000
2008_005544 0.005429 2 0.010857 0.000000
2007_002719 0.193988 3 0.581965 0.000000 0.000000
2010_000083 0.084661 4 0.000000 0.000000 0.338642 0.000000
2010_003183 0.281061 2 0.562123 0.000000
2007_007996 0.099660 5 0.000000 0.498299 0.000000 0.000000 0.000000
2009_002535 0.467737 2 0.935474 0.000000
2007_005058 0.000000 2 0.000000 0.000000
2010_003758 0.439313 2 0.878625 0.000000
2008_007507 0.000000 2 0.000000 0.000000
2011_000548 0.219183 3 0.000000 0.657549 0.000000
2011_000283 0.248579 2 0.497158 0.000000
2009_001941 0.343986 2 0.687972 0.000000
2010_004783 0.000000 3 0.000000 0.000000 0.000000
2008_001478 0.000000 2 0.000000 0.000000
2011_003146 0.375209 2 0.750418 0.000000
2007_004241 0.238119 2 0.476238 0.000000
2007_002903 0.457873 2 0.915746 0.000000
2011_001642 0.000000 2 0.000000 0.000000
2008_003451 0.433754 3 0.626921 0.674339 0.000000
2008_007219 0.315884 3 0.198370 0.749282 0.000000
2007_005107 0.086424 3 0.259273 0.000000 0.000000
2007_006364 0.524015 3 0.820312 0.751734 0.000000
2009_005189 0.344880 2 0.689760 0.000000
2011_000809 0.224346 4 0.255221 0.000000 0.642161 0.000000
2009_002097 0.049570 2 0.099139 0.000000
2008_000223 0.087553 2 0.175107 0.000000
2009_002239 0.033916 4 0.000000 0.015093 0.120572 0.000000
2009_001684 0.000000 2 0.000000 0.000000
2008_002492 0.000000 2 0.000000 0.000000
2011_001868 0.000000 2 0.000000 0.000000
2008_005676 0.386282 2 0.772563 0.000000
2011_003055 0.410691 2 0.821382 0.000000
2011_002327 0.228994 3 0.686981 0.000000 0.000000
2011_001276 0.163350 5 0.036437 0.268312 0.000000 0.512003 0.000000
2007_004392 0.260956 4 0.055393 0.790139 0.198292 0.000000
2010_005992 0.000000 2 0.000000 0.000000
2011_000807 0.240027 2 0.480053 0.000000
2008_000573 0.506272 3 0.733588 0.785229 0.000000
2010_003060 0.003777 2 0.007554 0.000000
2008_000233 0.319475 2 0.638951 0.000000
2010_000163 0.444103 2 0.888207 0.000000
2009_002549 0.402860 2 0.805720 0.000000
2008_005904 0.237944 2 0.475887 0.000000
2011_000969 0.140728 2 0.281456 0.000000
2011_002535 0.452395 2 0.904790 0.000000
2010_003915 0.312462 2 0.624924 0.000000
2008_003003 0.105640 3 0.000000 0.316921 0.000000
2011_002371 0.000000 2 0.000000 0.000000
2009_000446 0.394469 2 0.788938 0.000000
2007_003499 0.471101 2 0.942202 0.000000
2008_003492 0.412334 2 0.824667 0.000000
2009_000149 0.057483 3 0.172449 0.000000 0.000000
2009_003273 0.413975 2 0.827951 0.000000
2008_005691 0.000000 2 0.000000 0.000000
2007_004052 0.431649 2 0.863297 0.000000
2008_002521 0.000000 2 0.000000 0.000000
